,Id,MSSubClass,LotFrontage,LotArea,OverallQual,OverallCond,YearBuilt,YearRemodAdd,MasVnrArea,BsmtFinSF1,BsmtFinSF2,BsmtUnfSF,TotalBsmtSF,1stFlrSF,2ndFlrSF,LowQualFinSF,GrLivArea,BsmtFullBath,BsmtHalfBath,FullBath,HalfBath,BedroomAbvGr,KitchenAbvGr,TotRmsAbvGrd,Fireplaces,GarageYrBlt,GarageCars,GarageArea,WoodDeckSF,OpenPorchSF,EnclosedPorch,3SsnPorch,ScreenPorch,PoolArea,MiscVal,MoSold,YrSold,SalePrice
Id,1,0.011156478,-0.010600689,-0.033225519,-0.028364754,0.012608925,-0.012712715,-0.021997642,-0.050297795,-0.005024049,-0.005967672,-0.007939703,-0.015414566,0.010496041,0.005589849,-0.044229958,0.008272758,0.002288556,-0.020154745,0.005587453,0.006783811,0.037718554,0.002951236,0.027238724,-0.019771632,7.24E-05,0.016569677,0.017633778,-0.029643197,-0.000476911,0.002889218,-0.046634789,0.001330209,0.057043905,-0.006242405,0.021172177,0.000711794,-0.021916719
MSSubClass,0.011156478,1,-0.386346885,-0.139781082,0.032627708,-0.059315817,0.027850137,0.040581045,0.022936286,-0.069835749,-0.065648579,-0.140759481,-0.238518409,-0.251758352,0.307885721,0.046473756,0.07485318,0.003491026,-0.002332535,0.131608222,0.177354389,-0.023438028,0.28172104,0.040380065,-0.04556934,0.08507187,-0.040109793,-0.098671543,-0.012579358,-0.006100121,-0.012036622,-0.043824549,-0.026030177,0.008282708,-0.007683291,-0.013584643,-0.021407038,-0.084284135
LotFrontage,-0.010600689,-0.386346885,1,0.426095019,0.251645775,-0.05921345,0.123349467,0.088865572,0.193458061,0.233633167,0.049899677,0.132643742,0.392074576,0.457181002,0.080177271,0.038468534,0.402797414,0.100948567,-0.007234305,0.198768678,0.053531855,0.263169916,-0.00606883,0.352095948,0.266639483,0.070249782,0.285690925,0.344996724,0.088520933,0.151972228,0.010700337,0.070029228,0.041382791,0.206166775,0.003367557,0.011199955,0.007449589,0.351799097
LotArea,-0.033225519,-0.139781082,0.426095019,1,0.105805742,-0.00563627,0.014227652,0.013788427,0.104159822,0.214103131,0.111169745,-0.00261836,0.260833135,0.299474579,0.050985948,0.00477897,0.263116167,0.158154531,0.048045571,0.126030627,0.014259469,0.119689908,-0.017783871,0.190014778,0.27136401,-0.024947419,0.15487074,0.180402755,0.171697687,0.084773809,-0.018339734,0.02042283,0.043160378,0.077672392,0.038067692,0.001204988,-0.014261407,0.263843354
OverallQual,-0.028364754,0.032627708,0.251645775,0.105805742,1,-0.091932343,0.572322769,0.550683924,0.411875667,0.239665966,-0.059118693,0.308158927,0.537808499,0.476223829,0.295492879,-0.030429284,0.59300743,0.111097786,-0.040150158,0.550599709,0.273458099,0.101676356,-0.183882235,0.427452343,0.396765038,0.547765845,0.600670717,0.562021757,0.238923392,0.308818823,-0.113936859,0.030370567,0.06488636,0.065165844,-0.031406211,0.070815172,-0.027346708,0.790981601
OverallCond,0.012608925,-0.059315817,-0.05921345,-0.00563627,-0.091932343,1,-0.375983196,0.073741498,-0.128101199,-0.046230856,0.04022917,-0.13684057,-0.171097515,-0.144202784,0.028942116,0.02549432,-0.079685865,-0.054941515,0.117820915,-0.194149489,-0.060769327,0.01298006,-0.087000855,-0.057583166,-0.023819978,-0.324296733,-0.185757511,-0.151521371,-0.003333699,-0.032588814,0.070356184,0.02550366,0.054810529,-0.001984942,0.068776806,-0.003510839,0.043949746,-0.077855894
YearBuilt,-0.012712715,0.027850137,0.123349467,0.014227652,0.572322769,-0.375983196,1,0.592854976,0.315707062,0.249503197,-0.049106831,0.149040392,0.391452002,0.281985859,0.01030766,-0.183784344,0.199009714,0.18759855,-0.038161806,0.468270787,0.24265591,-0.070651217,-0.174800246,0.095589128,0.147716399,0.825667484,0.537850092,0.47895382,0.224880142,0.18868584,-0.387267783,0.031354513,-0.050364435,0.004949728,-0.034383139,0.012398471,-0.01361768,0.522897333
YearRemodAdd,-0.021997642,0.040581045,0.088865572,0.013788427,0.550683924,0.073741498,0.592854976,1,0.179618371,0.128450547,-0.067758514,0.181133087,0.291065583,0.240379268,0.140023779,-0.0624191,0.28738852,0.119469879,-0.012337032,0.439046484,0.183330612,-0.040580928,-0.149597521,0.191739816,0.112581318,0.64227678,0.420622155,0.371599809,0.20572592,0.226297633,-0.193919147,0.04528581,-0.038740011,0.005829372,-0.010286249,0.021490002,0.035743247,0.507100967
MasVnrArea,-0.050297795,0.022936286,0.193458061,0.104159822,0.411875667,-0.128101199,0.315707062,0.179618371,1,0.264736265,-0.072318848,0.114442062,0.363936222,0.344500747,0.174561473,-0.069070856,0.39085664,0.085309829,0.026672828,0.276832847,0.201443947,0.102821151,-0.037610252,0.280681695,0.249069613,0.252690775,0.36420364,0.373066482,0.159718134,0.125702797,-0.110203834,0.018795515,0.061465543,0.011723061,-0.029815394,-0.005964716,-0.008201031,0.477493047
BsmtFinSF1,-0.005024049,-0.069835749,0.233633167,0.214103131,0.239665966,-0.046230856,0.249503197,0.128450547,0.264736265,1,-0.0501174,-0.495251469,0.522396052,0.445862656,-0.137078986,-0.064502597,0.20817113,0.649211754,0.067418478,0.058543137,0.004262424,-0.107354677,-0.081006851,0.044315624,0.26001092,0.153484098,0.224053522,0.296970385,0.204306145,0.111760613,-0.102303306,0.026450506,0.062020623,0.140491286,0.003571473,-0.015726948,0.014358922,0.386419806
BsmtFinSF2,-0.005967672,-0.065648579,0.049899677,0.111169745,-0.059118693,0.04022917,-0.049106831,-0.067758514,-0.072318848,-0.0501174,1,-0.209294492,0.104809538,0.097117448,-0.099260316,0.014806998,-0.009639892,0.158678061,0.070948134,-0.076443862,-0.032147837,-0.015728114,-0.040751236,-0.035226548,0.046920709,-0.088010815,-0.038263513,-0.018226592,0.067898326,0.003092562,0.036543339,-0.029993398,0.088871251,0.041709055,0.004939781,-0.015210738,0.031705637,-0.011378121
BsmtUnfSF,-0.007939703,-0.140759481,0.132643742,-0.00261836,0.308158927,-0.13684057,0.149040392,0.181133087,0.114442062,-0.495251469,-0.209294492,1,0.415359605,0.317987438,0.004469092,0.028166688,0.240257268,-0.422900477,-0.095804288,0.288886055,-0.04111753,0.166643317,0.030085868,0.250647061,0.051574882,0.190708273,0.21417519,0.183302698,-0.005316424,0.129005415,-0.002537855,0.020764006,-0.012579273,-0.035092241,-0.023836645,0.034888443,-0.041258195,0.214479106
TotalBsmtSF,-0.015414566,-0.238518409,0.392074576,0.260833135,0.537808499,-0.171097515,0.391452002,0.291065583,0.363936222,0.522396052,0.104809538,0.415359605,1,0.819529975,-0.17451195,-0.033245387,0.454868203,0.307350554,-0.000314582,0.323722414,-0.048803739,0.050449956,-0.068900643,0.285572564,0.339519324,0.322445174,0.434584834,0.486665464,0.232018609,0.247263746,-0.095477737,0.037383727,0.084488986,0.126053132,-0.018478922,0.013196179,-0.014968648,0.613580552
1stFlrSF,0.010496041,-0.251758352,0.457181002,0.299474579,0.476223829,-0.144202784,0.281985859,0.240379268,0.344500747,0.445862656,0.097117448,0.317987438,0.819529975,1,-0.202646181,-0.014240673,0.566023969,0.244671104,0.001955654,0.380637495,-0.119915909,0.127400749,0.068100588,0.409515979,0.410531085,0.233449093,0.439316808,0.489781654,0.235458623,0.211671225,-0.065291701,0.056104374,0.088758073,0.131524976,-0.021095719,0.03137156,-0.013603771,0.605852185
2ndFlrSF,0.005589849,0.307885721,0.080177271,0.050985948,0.295492879,0.028942116,0.01030766,0.140023779,0.174561473,-0.137078986,-0.099260316,0.004469092,-0.17451195,-0.202646181,1,0.06335295,0.687501064,-0.169493952,-0.023854784,0.421377983,0.6097073,0.502900613,0.059305753,0.616422635,0.194560892,0.07083234,0.183925583,0.138346959,0.092165418,0.208026063,0.061988691,-0.024357648,0.040606448,0.081486878,0.016196875,0.035164427,-0.028699914,0.319333803
LowQualFinSF,-0.044229958,0.046473756,0.038468534,0.00477897,-0.030429284,0.02549432,-0.183784344,-0.0624191,-0.069070856,-0.064502597,0.014806998,0.028166688,-0.033245387,-0.014240673,0.06335295,1,0.134682813,-0.047143422,-0.005841505,-0.00070951,-0.027080049,0.105606569,0.007521744,0.131184776,-0.021272143,-0.036363234,-0.09447952,-0.067601413,-0.025443648,0.018251039,0.061081238,-0.00429561,0.026799413,0.062157372,-0.003792871,-0.022173961,-0.02892088,-0.02560613
GrLivArea,0.008272758,0.07485318,0.402797414,0.263116167,0.59300743,-0.079685865,0.199009714,0.28738852,0.39085664,0.20817113,-0.009639892,0.240257268,0.454868203,0.566023969,0.687501064,0.134682813,1,0.03483605,-0.018918483,0.630011646,0.415771636,0.521269511,0.100063165,0.825489374,0.461679134,0.231196741,0.467247419,0.468997477,0.247432821,0.330223962,0.00911321,0.02064319,0.101510396,0.170205336,-0.00241564,0.050239681,-0.03652582,0.708624478
BsmtFullBath,0.002288556,0.003491026,0.100948567,0.158154531,0.111097786,-0.054941515,0.18759855,0.119469879,0.085309829,0.649211754,0.158678061,-0.422900477,0.307350554,0.244671104,-0.169493952,-0.047143422,0.03483605,1,-0.147870961,-0.064512049,-0.030904959,-0.150672809,-0.041502546,-0.053275236,0.137927708,0.124552524,0.131881224,0.17918948,0.17531519,0.067341461,-0.049910649,-0.000106092,0.023147726,0.067615556,-0.023047025,-0.025360894,0.067049138,0.227122233
BsmtHalfBath,-0.020154745,-0.002332535,-0.007234305,0.048045571,-0.040150158,0.117820915,-0.038161806,-0.012337032,0.026672828,0.067418478,0.070948134,-0.095804288,-0.000314582,0.001955654,-0.023854784,-0.005841505,-0.018918483,-0.147870961,1,-0.054535812,-0.0123399,0.046518848,-0.03794435,-0.023836341,0.028975587,-0.077463612,-0.020891059,-0.02453558,0.040161223,-0.025323758,-0.008555334,0.035113631,0.032121407,0.02002463,-0.007366525,0.032872705,-0.046523882,-0.016844154
FullBath,0.005587453,0.131608222,0.198768678,0.126030627,0.550599709,-0.194149489,0.468270787,0.439046484,0.276832847,0.058543137,-0.076443862,0.288886055,0.323722414,0.380637495,0.421377983,-0.00070951,0.630011646,-0.064512049,-0.054535812,1,0.136380589,0.363251983,0.133115214,0.554784254,0.243670503,0.484557387,0.469672043,0.405656208,0.187703214,0.259977425,-0.115092963,0.035353017,-0.008106093,0.049603826,-0.014289845,0.055872129,-0.019668841,0.560663763
HalfBath,0.006783811,0.177354389,0.053531855,0.014259469,0.273458099,-0.060769327,0.24265591,0.183330612,0.201443947,0.004262424,-0.032147837,-0.04111753,-0.048803739,-0.119915909,0.6097073,-0.027080049,0.415771636,-0.030904959,-0.0123399,0.136380589,1,0.226651484,-0.068262549,0.343414858,0.203648508,0.196785176,0.219178152,0.163549364,0.108080303,0.199740148,-0.095316526,-0.004972488,0.072425845,0.022381498,0.001290145,-0.009049888,-0.010268669,0.284107676
BedroomAbvGr,0.037718554,-0.023438028,0.263169916,0.119689908,0.101676356,0.01298006,-0.070651217,-0.040580928,0.102821151,-0.107354677,-0.015728114,0.166643317,0.050449956,0.127400749,0.502900613,0.105606569,0.521269511,-0.150672809,0.046518848,0.363251983,0.226651484,1,0.198596758,0.676619936,0.107569681,-0.064518437,0.086106438,0.06525253,0.046853773,0.093809572,0.041570435,-0.024477796,0.044299691,0.070702584,0.007766972,0.04654386,-0.036013893,0.168213154
KitchenAbvGr,0.002951236,0.28172104,-0.00606883,-0.017783871,-0.183882235,-0.087000855,-0.174800246,-0.149597521,-0.037610252,-0.081006851,-0.040751236,0.030085868,-0.068900643,0.068100588,0.059305753,0.007521744,0.100063165,-0.041502546,-0.03794435,0.133115214,-0.068262549,0.198596758,1,0.256045409,-0.123936235,-0.124411402,-0.050633892,-0.064433047,-0.090130273,-0.07009061,0.037312385,-0.024600359,-0.051613366,-0.014525116,0.062340724,0.026588907,0.031687207,-0.135907371
TotRmsAbvGrd,0.027238724,0.040380065,0.352095948,0.190014778,0.427452343,-0.057583166,0.095589128,0.191739816,0.280681695,0.044315624,-0.035226548,0.250647061,0.285572564,0.409515979,0.616422635,0.131184776,0.825489374,-0.053275236,-0.023836341,0.554784254,0.343414858,0.676619936,0.256045409,1,0.32611448,0.148111716,0.362288571,0.337822121,0.165983884,0.234191588,0.004151299,-0.006683241,0.0593826,0.08375735,0.024762884,0.036907077,-0.034516354,0.533723156
Fireplaces,-0.019771632,-0.04556934,0.266639483,0.27136401,0.396765038,-0.023819978,0.147716399,0.112581318,0.249069613,0.26001092,0.046920709,0.051574882,0.339519324,0.410531085,0.194560892,-0.021272143,0.461679134,0.137927708,0.028975587,0.243670503,0.203648508,0.107569681,-0.123936235,0.32611448,1,0.046821648,0.300788766,0.269141238,0.200018796,0.169405327,-0.024821869,0.011257239,0.18453027,0.095073522,0.001408605,0.046357102,-0.024095565,0.466928837
GarageYrBlt,7.24E-05,0.08507187,0.070249782,-0.024947419,0.547765845,-0.324296733,0.825667484,0.64227678,0.252690775,0.153484098,-0.088010815,0.190708273,0.322445174,0.233449093,0.07083234,-0.036363234,0.231196741,0.124552524,-0.077463612,0.484557387,0.196785176,-0.064518437,-0.124411402,0.148111716,0.046821648,1,0.588920007,0.564567061,0.224576992,0.228424579,-0.297002603,0.02354369,-0.075417514,-0.014500679,-0.032417458,0.005337026,-0.001014278,0.486361677
GarageCars,0.016569677,-0.040109793,0.285690925,0.15487074,0.600670717,-0.185757511,0.537850092,0.420622155,0.36420364,0.224053522,-0.038263513,0.21417519,0.434584834,0.439316808,0.183925583,-0.09447952,0.467247419,0.131881224,-0.020891059,0.469672043,0.219178152,0.086106438,-0.050633892,0.362288571,0.300788766,0.588920007,1,0.882475414,0.226342138,0.213569446,-0.15143416,0.035765285,0.050493792,0.020933531,-0.043080128,0.04052173,-0.039116904,0.640409197
GarageArea,0.017633778,-0.098671543,0.344996724,0.180402755,0.562021757,-0.151521371,0.47895382,0.371599809,0.373066482,0.296970385,-0.018226592,0.183302698,0.486665464,0.489781654,0.138346959,-0.067601413,0.468997477,0.17918948,-0.02453558,0.405656208,0.163549364,0.06525253,-0.064433047,0.337822121,0.269141238,0.564567061,0.882475414,1,0.224666307,0.241434672,-0.12177672,0.0350867,0.051411762,0.061047272,-0.027399914,0.0279738,-0.02737794,0.623431439
WoodDeckSF,-0.029643197,-0.012579358,0.088520933,0.171697687,0.238923392,-0.003333699,0.224880142,0.20572592,0.159718134,0.204306145,0.067898326,-0.005316424,0.232018609,0.235458623,0.092165418,-0.025443648,0.247432821,0.17531519,0.040161223,0.187703214,0.108080303,0.046853773,-0.090130273,0.165983884,0.200018796,0.224576992,0.226342138,0.224666307,1,0.058660609,-0.125988888,-0.032770634,-0.074181351,0.073378207,-0.009551228,0.021011044,0.022270451,0.324413445
OpenPorchSF,-0.000476911,-0.006100121,0.151972228,0.084773809,0.308818823,-0.032588814,0.18868584,0.226297633,0.125702797,0.111760613,0.003092562,0.129005415,0.247263746,0.211671225,0.208026063,0.018251039,0.330223962,0.067341461,-0.025323758,0.259977425,0.199740148,0.093809572,-0.07009061,0.234191588,0.169405327,0.228424579,0.213569446,0.241434672,0.058660609,1,-0.093079318,-0.005842499,0.074303944,0.060762111,-0.018583739,0.071254885,-0.05761936,0.315856227
EnclosedPorch,0.002889218,-0.012036622,0.010700337,-0.018339734,-0.113936859,0.070356184,-0.387267783,-0.193919147,-0.110203834,-0.102303306,0.036543339,-0.002537855,-0.095477737,-0.065291701,0.061988691,0.061081238,0.00911321,-0.049910649,-0.008555334,-0.115092963,-0.095316526,0.041570435,0.037312385,0.004151299,-0.024821869,-0.297002603,-0.15143416,-0.12177672,-0.125988888,-0.093079318,1,-0.037305283,-0.082864245,0.054202562,0.0183606,-0.028887266,-0.009915937,-0.128577958
3SsnPorch,-0.046634789,-0.043824549,0.070029228,0.02042283,0.030370567,0.02550366,0.031354513,0.04528581,0.018795515,0.026450506,-0.029993398,0.020764006,0.037383727,0.056104374,-0.024357648,-0.00429561,0.02064319,-0.000106092,0.035113631,0.035353017,-0.004972488,-0.024477796,-0.024600359,-0.006683241,0.011257239,0.02354369,0.035765285,0.0350867,-0.032770634,-0.005842499,-0.037305283,1,-0.031435847,-0.007991549,0.000353965,0.029473795,0.018644925,0.044583665
ScreenPorch,0.001330209,-0.026030177,0.041382791,0.043160378,0.06488636,0.054810529,-0.050364435,-0.038740011,0.061465543,0.062020623,0.088871251,-0.012579273,0.084488986,0.088758073,0.040606448,0.026799413,0.101510396,0.023147726,0.032121407,-0.008106093,0.072425845,0.044299691,-0.051613366,0.0593826,0.18453027,-0.075417514,0.050493792,0.051411762,-0.074181351,0.074303944,-0.082864245,-0.031435847,1,0.051307395,0.031945761,0.023216992,0.010694106,0.111446571
PoolArea,0.057043905,0.008282708,0.206166775,0.077672392,0.065165844,-0.001984942,0.004949728,0.005829372,0.011723061,0.140491286,0.041709055,-0.035092241,0.126053132,0.131524976,0.081486878,0.062157372,0.170205336,0.067615556,0.02002463,0.049603826,0.022381498,0.070702584,-0.014525116,0.08375735,0.095073522,-0.014500679,0.020933531,0.061047272,0.073378207,0.060762111,0.054202562,-0.007991549,0.051307395,1,0.029668651,-0.03373664,-0.059688932,0.092403549
MiscVal,-0.006242405,-0.007683291,0.003367557,0.038067692,-0.031406211,0.068776806,-0.034383139,-0.010286249,-0.029815394,0.003571473,0.004939781,-0.023836645,-0.018478922,-0.021095719,0.016196875,-0.003792871,-0.00241564,-0.023047025,-0.007366525,-0.014289845,0.001290145,0.007766972,0.062340724,0.024762884,0.001408605,-0.032417458,-0.043080128,-0.027399914,-0.009551228,-0.018583739,0.0183606,0.000353965,0.031945761,0.029668651,1,-0.00649455,0.004906262,-0.02118958
MoSold,0.021172177,-0.013584643,0.011199955,0.001204988,0.070815172,-0.003510839,0.012398471,0.021490002,-0.005964716,-0.015726948,-0.015210738,0.034888443,0.013196179,0.03137156,0.035164427,-0.022173961,0.050239681,-0.025360894,0.032872705,0.055872129,-0.009049888,0.04654386,0.026588907,0.036907077,0.046357102,0.005337026,0.04052173,0.0279738,0.021011044,0.071254885,-0.028887266,0.029473795,0.023216992,-0.03373664,-0.00649455,1,-0.145721413,0.046432245
YrSold,0.000711794,-0.021407038,0.007449589,-0.014261407,-0.027346708,0.043949746,-0.01361768,0.035743247,-0.008201031,0.014358922,0.031705637,-0.041258195,-0.014968648,-0.013603771,-0.028699914,-0.02892088,-0.03652582,0.067049138,-0.046523882,-0.019668841,-0.010268669,-0.036013893,0.031687207,-0.034516354,-0.024095565,-0.001014278,-0.039116904,-0.02737794,0.022270451,-0.05761936,-0.009915937,0.018644925,0.010694106,-0.059688932,0.004906262,-0.145721413,1,-0.028922585
SalePrice,-0.021916719,-0.084284135,0.351799097,0.263843354,0.790981601,-0.077855894,0.522897333,0.507100967,0.477493047,0.386419806,-0.011378121,0.214479106,0.613580552,0.605852185,0.319333803,-0.02560613,0.708624478,0.227122233,-0.016844154,0.560663763,0.284107676,0.168213154,-0.135907371,0.533723156,0.466928837,0.486361677,0.640409197,0.623431439,0.324413445,0.315856227,-0.128577958,0.044583665,0.111446571,0.092403549,-0.02118958,0.046432245,-0.028922585,1